# Kurucz Solar Irradiance at 1 AU (given by Gianrico)

2002.27       115.15348
2011.26       114.56991
2020.25       112.10982
2029.24       109.84827
2038.23       108.09477
2047.22       107.20533
2056.21       105.29686
2065.20       103.20651
2074.19       102.06042
2083.18       100.31138
2092.17       98.422188
2101.16       97.377167
2110.16       96.042747
2119.15       94.225708
2128.14       93.007431
2137.13       91.768761
2146.12       90.430397
2155.11       88.782532
2164.10       84.907143
2173.09       84.808662
2182.08       84.516113
2191.07       83.615692
2200.06       82.565926
2209.05       80.872246
2218.05       80.153374
2227.04       78.948250
2236.03       77.802132
2245.02       76.577293
2254.01       75.350441
2263.00       74.265411
2271.99       73.393425
2280.98       72.067009
2289.97       70.966484
2298.96       69.733986
2307.95       69.124313
2316.94       67.842705
2325.94       66.372261
2334.93       65.757988
2343.92       65.113747
2352.91       63.635452
2361.90       62.955563
2370.89       62.121384
2379.88       60.971416
2388.87       59.960953
2397.86       59.703560
2406.85       58.908718
2415.84       57.497932
2424.83       57.038624
2433.83       56.405788
2442.82       55.538807
2451.81       54.372757
2460.80       53.987396
2469.79       53.339718
2478.78       52.326889
2487.77       51.671394
2496.76       51.379272
2505.75       50.713566
2514.74       49.933952
2523.73       49.501366
2532.72       48.842613
2541.72       47.930103
2550.71       47.358788
2559.70       46.771767
2568.69       46.284775
2577.68       45.705093
2586.67       44.824738
2595.66       44.549747
2604.65       44.106762
2613.64       43.357712
2622.63       41.844440
2631.62       41.695778
2640.61       41.575703
2649.61       41.222298
2658.60       40.642517
2667.59       40.091877
2676.58       39.810333
2685.57       39.481113
2694.56       39.006916
2703.55       38.545761
2712.54       38.055080
2721.53       37.600113
2730.52       37.156528
2739.51       36.725079
2748.50       36.242607
2757.50       35.535664
2766.49       35.231983
2775.48       34.915569
2784.47       34.559105
2793.46       34.215702
2802.45       33.780170
2811.44       33.392929
2820.43       32.996601
2829.42       32.617851
2838.41       32.199276
2847.40       31.804182
2856.39       31.442926
2865.39       30.948322
2874.38       30.448381
2883.37       30.305668
2892.36       30.014095
2901.35       29.671127
2910.34       29.335632
2919.33       28.958666
2928.32       28.588547
2937.31       28.308849
2946.30       27.972296
2955.29       27.694403
2964.28       27.406666
2973.28       27.096071
2982.27       26.784187
2991.26       26.446421
3000.25       26.121401
3009.24       25.873224
3018.23       25.568628
3027.22       25.234119
3036.21       24.715237
3045.20       24.525206
3054.19       24.429556
3063.18       24.157215
3072.17       23.906725
3081.17       23.637308
3090.16       23.374048
3099.15       23.128778
3108.14       22.841724
3117.13       22.516506
3126.12       22.373850
3135.11       22.162529
3144.10       21.905584
3153.09       21.620440
3162.08       21.430098
3171.07       21.180706
3180.06       20.984137
3189.06       20.782148
3198.05       20.545340
3207.04       20.337027
3216.03       20.122578
3225.02       19.916002
3234.01       19.681635
3243.00       19.459459
3251.99       19.286888
3260.98       19.070751
3269.97       18.871964
3278.96       18.651171
3287.95       18.373819
3296.95       18.032211
3305.94       18.017277
3314.93       17.812716
3323.92       17.630085
3332.91       17.536530
3341.90       17.343195
3350.89       17.169596
3359.88       17.011745
3368.87       16.794214
3377.86       16.644453
3386.85       16.489187
3395.84       16.234728
3404.83       16.074820
3413.83       15.962363
3422.82       15.831413
3431.81       15.692330
3440.80       15.560446
3449.79       15.404907
3458.78       15.248199
3467.77       15.079316
3476.76       14.923547
3485.75       14.791922
3494.74       14.644356
3503.73       14.518121
3512.73       14.376267
3521.72       14.235956
3530.71       14.086905
3539.70       13.932807
3548.69       13.820257
3557.68       13.660778
3566.67       13.534040
3575.66       13.399997
3584.65       13.292502
3593.64       13.163518
3602.63       13.041705
3611.62       12.937255
3620.61       12.823516
3629.61       12.692184
3638.60       12.551007
3647.59       12.392967
3656.58       12.253269
3665.57       12.165810
3674.56       12.037396
3683.55       11.897205
3692.54       11.773349
3701.53       11.580245
3710.52       11.528389
3719.51       11.486550
3728.50       11.376822
3737.50       11.101937
3746.49       10.988412
3755.48       11.010170
3764.47       10.973989
3773.46       10.862352
3782.45       10.775113
3791.44       10.674314
3800.43       10.585054
3809.42       10.493560
3818.41       10.412342
3827.40       10.341427
3836.40       10.232597
3845.39       10.160221
3854.38       10.060696
3863.37       9.9469433
3872.36       9.8698902
3881.35       9.7825222
3890.34       9.6916466
3899.33       9.6123266
3908.32       9.5430460
3917.31       9.4629221
3926.30       9.3809538
3935.29       9.2948313
3944.28       9.2021589
3953.28       9.0924273
3962.27       9.0264139
3971.26       8.9606571
3980.25       8.8670187
3989.24       8.7598858
3998.23       8.6871109
4007.22       8.6392708
4016.21       8.5395365
4025.20       8.4929361
4034.19       8.4322081
4043.18       8.3074102
4052.17       8.1600542
4061.17       8.1620626
4070.16       8.1328125
4079.15       8.0858440
4088.14       8.0078821
4097.13       7.9560714
4106.12       7.8907003
4115.11       7.8221807
4124.10       7.7665124
4133.09       7.6922832
4142.08       7.6192799
4151.07       7.5501308
4160.06       7.5036654
4169.06       7.4324474
4178.05       7.3643727
4187.04       7.3083711
4196.03       7.2286267
4205.02       7.1451111
4214.01       7.1230783
4223.00       7.0900016
4231.99       7.0352020
4240.98       6.9620571
4249.97       6.9049025
4258.96       6.8563466
4267.96       6.8030524
4276.95       6.7506433
4285.94       6.6649084
4294.93       6.4853172
4303.92       6.4013200
4312.91       6.3944516
4321.90       6.3610206
4330.89       6.3155661
4339.88       6.2525325
4348.87       6.1042476
4357.86       5.9988060
4366.85       5.9788370
4375.84       5.9526734
4384.84       5.9251351
4393.83       5.8765945
4402.82       5.7623510
4411.81       5.6436329
4420.80       5.6244254
4429.79       5.6172013
4438.78       5.5879345
4447.77       5.5540667
4456.76       5.5008836
4465.75       5.3939486
4474.74       5.3369279
4483.73       5.3291035
4492.73       5.3109455
4501.72       5.2803912
4510.71       5.2333870
4519.70       5.1637559
4528.69       5.0832791
4537.68       5.0671105
4546.67       5.0478201
4555.66       5.0287981
4564.65       4.9896860
4573.64       4.9504805
4582.63       4.8817062
4591.62       4.8237190
4600.62       4.8137317
4609.61       4.7966604
4618.60       4.7668095
4627.59       4.7458572
4636.58       4.7109599
4645.57       4.6373801
4654.56       4.5769591
4663.55       4.5841303
4672.54       4.5730720
4681.53       4.5507717
4690.52       4.5292892
4699.51       4.4983692
4708.51       4.4587951
4717.50       4.4197288
4726.49       4.4050884
4735.48       4.3764076
4744.47       4.3471961
4753.46       4.3175907
4762.45       4.2865405
4771.44       4.2444987
4780.43       4.2083716
4789.42       4.1848464
4798.41       4.1548438
4807.40       4.1276827
4816.40       4.1104579
4825.39       4.0883751
4834.38       4.0657349
4843.37       4.0360389
4852.36       4.0018110
4861.35       3.9703701
4870.34       3.9337382
4879.33       3.9099171
4888.32       3.8908694
4897.31       3.8690648
4906.30       3.8401008
4915.29       3.8050466
4924.29       3.7755334
4933.28       3.7523897
4942.27       3.7261086
4951.26       3.7016001
4960.25       3.6788807
4969.24       3.6579874
4978.23       3.6325951
4987.22       3.6033103
4996.21       3.5775485
5005.20       3.5501022
5014.19       3.5305820