7.1010e-01
7.2310e-01
7.3610e-01
7.4910e-01
7.6210e-01
7.7520e-01
7.8820e-01
8.0120e-01
8.1420e-01
8.2720e-01
8.4030e-01
8.5330e-01
8.4900e-01
8.6210e-01
8.7510e-01
8.8810e-01
9.0120e-01
9.1420e-01
9.2730e-01
9.4030e-01
9.5330e-01
9.6640e-01
9.7940e-01
9.9240e-01
1.0028e+00
1.0288e+00
1.0548e+00
1.0808e+00
1.1067e+00
1.1327e+00
1.1587e+00
1.1847e+00
1.2106e+00
1.2366e+00
1.2626e+00
1.2886e+00
1.2807e+00
1.3068e+00
1.3328e+00
1.3588e+00
1.3848e+00
1.4108e+00
1.4369e+00
1.4629e+00
1.4889e+00
1.5149e+00
1.5409e+00
1.5669e+00
1.5591e+00
1.5851e+00
1.6112e+00
1.6372e+00
1.6633e+00
1.6894e+00
1.7154e+00
1.7415e+00
1.7675e+00
1.7936e+00
1.8197e+00
1.8457e+00
1.8394e+00
1.8655e+00
1.8916e+00
1.9177e+00
1.9438e+00
1.9699e+00
1.9960e+00
2.0221e+00
2.0482e+00
2.0743e+00
2.1004e+00
2.1265e+00
2.1207e+00
2.1469e+00
2.1730e+00
2.1991e+00
2.2253e+00
2.2514e+00
2.2775e+00
2.3037e+00
2.3298e+00
2.3559e+00
2.3821e+00
2.4082e+00
2.4008e+00
2.4269e+00
2.4531e+00
2.4793e+00
2.5054e+00
2.5316e+00
2.5578e+00
2.5839e+00
2.6101e+00
2.6363e+00
2.6624e+00
2.6886e+00
2.6860e+00
2.7122e+00
2.7384e+00
2.7646e+00
2.7908e+00
2.8170e+00
2.8432e+00
2.8694e+00
2.8956e+00
2.9218e+00
2.9480e+00
2.9742e+00
2.9655e+00
2.9917e+00
3.0180e+00
3.0442e+00
3.0704e+00
3.0966e+00
3.1229e+00
3.1491e+00
3.1753e+00
3.2016e+00
3.2278e+00
3.2540e+00
3.2489e+00
3.2752e+00
3.3014e+00
3.3277e+00
3.3539e+00
3.3802e+00
3.4064e+00
3.4327e+00
3.4589e+00
3.4852e+00
3.5115e+00
3.5377e+00
3.5315e+00
3.5578e+00
3.5841e+00
3.6104e+00
3.6367e+00
3.6630e+00
3.6892e+00
3.7155e+00
3.7418e+00
3.7681e+00
3.7944e+00
3.8207e+00
3.8146e+00
3.8409e+00
3.8672e+00
3.8935e+00
3.9199e+00
3.9462e+00
3.9725e+00
3.9988e+00
4.0251e+00
4.0514e+00
4.0777e+00
4.1040e+00
4.0978e+00
4.1242e+00
4.1505e+00
4.1769e+00
4.2032e+00
4.2295e+00
4.2559e+00
4.2822e+00
4.3085e+00
4.3348e+00
4.3612e+00
4.3875e+00
4.3818e+00
4.4082e+00
4.4345e+00
4.4609e+00
4.4872e+00
4.5136e+00
4.5399e+00
4.5663e+00
4.5926e+00
4.6190e+00
4.6453e+00
4.6717e+00
4.6638e+00
4.6902e+00
4.7166e+00
4.7430e+00
4.7693e+00
4.7957e+00
4.8221e+00
4.8485e+00
4.8748e+00
4.9012e+00
4.9276e+00
4.9539e+00
4.9462e+00
4.9726e+00
4.9990e+00
5.0254e+00
5.0518e+00
5.0782e+00
5.1046e+00
5.1310e+00
5.1574e+00
5.1838e+00
5.2101e+00
5.2365e+00